0.000000000000000000e+00
-0.000000000000000000e+00
0.000000000000000000e+00
0.000000000000000000e+00
-0.000000000000000000e+00
3.634309627881453231e-02
-0.000000000000000000e+00
0.000000000000000000e+00
4.019441707496219429e+00
0.000000000000000000e+00
-0.000000000000000000e+00
-0.000000000000000000e+00
-0.000000000000000000e+00
1.485938124832384188e+00
1.405522353868367658e+00
0.000000000000000000e+00
-2.028471812211231740e+00
-0.000000000000000000e+00
0.000000000000000000e+00
0.000000000000000000e+00
0.000000000000000000e+00
0.000000000000000000e+00
0.000000000000000000e+00
-8.089334154027816304e-01
0.000000000000000000e+00
0.000000000000000000e+00
0.000000000000000000e+00
1.203047828849414191e+00
-0.000000000000000000e+00
0.000000000000000000e+00
5.562124998382727004e-01
0.000000000000000000e+00
0.000000000000000000e+00
9.193233238330497770e+00
-0.000000000000000000e+00
-0.000000000000000000e+00
-2.248536564470554833e+00
-0.000000000000000000e+00
-0.000000000000000000e+00
0.000000000000000000e+00
-0.000000000000000000e+00
0.000000000000000000e+00
0.000000000000000000e+00
0.000000000000000000e+00
0.000000000000000000e+00
-0.000000000000000000e+00
0.000000000000000000e+00
0.000000000000000000e+00
-0.000000000000000000e+00
0.000000000000000000e+00
-0.000000000000000000e+00
-0.000000000000000000e+00
0.000000000000000000e+00
0.000000000000000000e+00
1.238204621145052142e+00
-0.000000000000000000e+00
0.000000000000000000e+00
0.000000000000000000e+00
-2.020744944175904223e+00
0.000000000000000000e+00
3.117819471958706012e-01
0.000000000000000000e+00
-0.000000000000000000e+00
0.000000000000000000e+00
0.000000000000000000e+00
-0.000000000000000000e+00
1.037596134257313674e-01
0.000000000000000000e+00
0.000000000000000000e+00
0.000000000000000000e+00
0.000000000000000000e+00
-0.000000000000000000e+00
-9.165714234222986923e-01
3.542112136705499292e+00
2.567053835758521974e+00
-0.000000000000000000e+00
0.000000000000000000e+00
-0.000000000000000000e+00
8.813693092118313199e-01
0.000000000000000000e+00
-0.000000000000000000e+00
1.048450810123491062e+00
-0.000000000000000000e+00
-0.000000000000000000e+00
