3.948997043212962993e-02
-0.000000000000000000e+00
-2.663988539528854352e-02
0.000000000000000000e+00
-0.000000000000000000e+00
1.341316180395989432e+00
-0.000000000000000000e+00
1.625037206808449763e+00
4.114002580356408423e+00
-0.000000000000000000e+00
-9.060168571476842070e-01
-3.026495739880814828e-02
-0.000000000000000000e+00
2.091834576947565694e+00
2.095719796171208849e+00
3.175606953149873735e-01
-6.669040159545054358e+00
-1.751041161599531604e+00
-0.000000000000000000e+00
2.151712861428865864e+00
0.000000000000000000e+00
-2.156378962031006985e-01
0.000000000000000000e+00
-4.877950053324696889e+00
1.244346496103185151e+00
0.000000000000000000e+00
-1.599193346980390673e-01
2.237074347915723571e+00
-2.695936536655848315e+00
1.194674740080332809e+00
1.224991636960139019e+00
-6.154865083493751138e-02
5.226193539381953634e-01
8.326798740791591769e+00
-0.000000000000000000e+00
-2.128360213903996545e+00
-3.266893826907277365e+00
-0.000000000000000000e+00
-0.000000000000000000e+00
1.256269588946397064e+00
-9.594246730612554508e-01
-1.051607464725395680e+00
0.000000000000000000e+00
0.000000000000000000e+00
2.351352566520873655e+00
-1.338129684980965184e+00
1.661421043027696998e+00
-0.000000000000000000e+00
-2.690591768181494814e+00
-0.000000000000000000e+00
-4.670320374766421700e+00
-3.016015952898976948e+00
0.000000000000000000e+00
5.085762382983748386e-01
2.586139500105521627e+00
-9.870824156908942770e-01
2.682838297417435292e-01
0.000000000000000000e+00
-4.258854001282465163e+00
2.326958323606321599e+00
1.227052592921196839e+00
9.778081562854393782e-01
0.000000000000000000e+00
6.411418184415720312e-01
3.980389025782591350e-01
-4.991576032721342093e-01
4.254585666769459706e+00
-8.171772875524061508e-01
0.000000000000000000e+00
0.000000000000000000e+00
1.448729191577770914e+00
-4.353297656671268889e-01
-4.119653578815431594e+00
5.561056281863429263e+00
6.269086036304297949e+00
0.000000000000000000e+00
3.426452780429506961e-01
-0.000000000000000000e+00
2.451572419057905350e+00
1.171739986830752311e+00
-0.000000000000000000e+00
6.469003629735863292e+00
-4.111441227048907576e-01
-3.054132887266167717e+00
