3.507786302591138217e+00
-2.255962573506743230e+00
3.798066841942058236e-01
0.000000000000000000e+00
2.658444749577629995e+00
-0.000000000000000000e+00
0.000000000000000000e+00
0.000000000000000000e+00
-1.104484675197606736e+00
0.000000000000000000e+00
2.990820142246340740e+00
-1.681748301236590137e+00
-1.456862155445436402e+00
-3.449761675801856775e-01
-0.000000000000000000e+00
5.743924014315817672e+00
5.861440786600439878e+00
-2.786995114715756561e+00
-8.743384753779948060e-01
6.820017809213078930e-02
1.086346677619854928e+00
-4.262457338381674177e+00
1.675225681895631258e-01
-0.000000000000000000e+00
-0.000000000000000000e+00
-4.090547440766200693e-01
1.568685776110878838e-01
-6.805864989335136173e+00
1.621324165968181852e+00
-2.166456843411409539e-01
-0.000000000000000000e+00
-1.860298411824248266e+00
3.536553900925036409e+00
-1.252999583410212558e+00
0.000000000000000000e+00
-1.555928254836113744e+00
-1.055453290042368958e-01
-5.417129203682248262e-01
-2.905428252297844960e+00
-7.042433419454232624e-01
8.016364048534957432e-01
-6.436772537613508760e-01
2.660868513618015907e+00
-0.000000000000000000e+00
-3.987963795128756095e-01
5.880927899149117621e-01
-0.000000000000000000e+00
-4.396831159708582404e-01
6.997965917902010391e-01
3.894563323490279672e+00
2.402174587621751733e+00
2.246322197731853709e+00
-9.308797122361829324e-01
0.000000000000000000e+00
4.863477048351281695e+00
6.798603795896824842e+00
2.175367720896935975e+00
-0.000000000000000000e+00
-4.010546315052593513e+00
-0.000000000000000000e+00
1.325868642675486875e+00
0.000000000000000000e+00
-7.449664077767828574e-02
-1.139802796279725028e+00
7.698253769350058562e-01
4.283536934277110131e-01
0.000000000000000000e+00
3.259394404897996367e+00
-4.821491172664030267e-01
0.000000000000000000e+00
9.602024845828937005e-01
-2.257604709069718218e+00
5.992253352426047952e-01
-1.173130160781678200e+00
0.000000000000000000e+00
3.683675393274736365e+00
-5.627545645996839818e-01
-1.206747679257369033e+00
-0.000000000000000000e+00
-0.000000000000000000e+00
0.000000000000000000e+00
0.000000000000000000e+00
-1.631864779345756489e+01
1.965066383172024977e+00
-1.017720845411396624e+00
-2.784050063996422075e+00
-1.418064013327333228e+00
-0.000000000000000000e+00
0.000000000000000000e+00
-0.000000000000000000e+00
5.187110544452833150e-01
2.785402402183229653e-01
4.464043777833944127e+00
-9.335745224660561004e-01
-0.000000000000000000e+00
1.975570562697133159e+00
-0.000000000000000000e+00
-3.137622244639191482e+00
-1.057145631091211291e+00
1.136145582688570466e+00
1.282665427402058134e+00
-4.772184052197115278e+00
-2.769208815738926521e+00
6.095284261838639361e-01
-0.000000000000000000e+00
-1.700156936083287551e+00
4.466568053822354140e-02
-1.229944835258997282e-01
0.000000000000000000e+00
0.000000000000000000e+00
1.722936118613527023e+00
0.000000000000000000e+00
0.000000000000000000e+00
-0.000000000000000000e+00
-2.779436927765271736e+00
1.256437254608774035e-01
0.000000000000000000e+00
-7.683086558993366955e-02
1.987809957490829671e+00
7.900364423043909845e+00
1.445076141291609106e-01
4.734536023486232814e+00
-1.027935078400813301e-01
4.003326688076584539e+00
-4.237247860160657353e+00
-1.420051880881234574e+00
-2.851675702790472666e+00
1.850411081313446227e+00
5.747966379886834121e-01
0.000000000000000000e+00
9.497803818976766621e-01
0.000000000000000000e+00
1.877539116201089486e+00
-3.189981917009637735e-01
-1.827321995895742957e+00
-4.288600872087012128e+00
-1.881901866509999355e+00
7.473963136964749232e+00
1.897602121506753559e+00
-2.724068624315139631e-01
6.801063543275274625e+00
-0.000000000000000000e+00
5.292350506216721762e+00
-6.763407563675473133e-01
-4.145641545456951071e+00
1.999708181568821685e-01
-3.946168182515398803e-01
-0.000000000000000000e+00
-0.000000000000000000e+00
1.620961053630935567e+00
-1.221683315493932609e+00
-1.529387189897863708e+00
-2.557882282686019249e+00
