3.621205937446398515e+00
-1.749411577549563113e+00
2.297756657606950803e-01
0.000000000000000000e+00
2.077112460544811245e+00
-0.000000000000000000e+00
-0.000000000000000000e+00
0.000000000000000000e+00
-4.855757067806734106e-01
0.000000000000000000e+00
2.954935067221951428e+00
-1.710991195881703897e+00
-1.183581616431758521e+00
-0.000000000000000000e+00
-0.000000000000000000e+00
5.345801799545847999e+00
5.888353129260142538e+00
-2.598481438218496642e+00
-1.028243417087682632e+00
0.000000000000000000e+00
5.592640633036876086e-01
-3.249668242417093733e+00
0.000000000000000000e+00
-0.000000000000000000e+00
-0.000000000000000000e+00
-2.041018541214718041e-01
2.989534671404919242e-01
-6.805512682086896525e+00
1.440899238918750269e+00
-1.580163049753737642e-02
-0.000000000000000000e+00
-1.193413439596389125e+00
3.320319533528437450e+00
-8.294527326393503763e-01
0.000000000000000000e+00
-1.699619296154319503e+00
-0.000000000000000000e+00
-5.086456824718675884e-01
-2.573042609900088706e+00
-0.000000000000000000e+00
1.935882693532028354e-01
-2.660586475491480418e-01
2.113908837657015649e+00
-0.000000000000000000e+00
-4.245088061376066091e-01
2.217906741827938566e-01
-0.000000000000000000e+00
-0.000000000000000000e+00
5.387134069446560813e-01
3.706011195493768895e+00
2.268346133501919493e+00
1.824167362067671272e+00
-8.357037964428185584e-01
0.000000000000000000e+00
3.870349495291842246e+00
6.601452987980043652e+00
1.877178041637479922e+00
-0.000000000000000000e+00
-3.846586955915543893e+00
-0.000000000000000000e+00
8.233840961854910212e-01
0.000000000000000000e+00
-0.000000000000000000e+00
-9.160808103068919239e-01
5.391279913491898723e-01
1.957530345785613857e-01
0.000000000000000000e+00
8.043227426438398497e-01
-7.340322611577239087e-01
0.000000000000000000e+00
6.726901458359650920e-01
-8.392643670135806477e-01
4.213278001745434098e-01
-9.220599573058452236e-01
-0.000000000000000000e+00
3.235289862532736649e+00
-4.921759785724363345e-01
-6.065115903726220337e-01
-0.000000000000000000e+00
-0.000000000000000000e+00
0.000000000000000000e+00
0.000000000000000000e+00
-1.489307268001377693e+01
9.614912319416802911e-01
-5.988980435144025671e-01
-2.471465627868232762e+00
-2.010121349375540711e-01
-0.000000000000000000e+00
0.000000000000000000e+00
-0.000000000000000000e+00
3.687255356692237807e-01
0.000000000000000000e+00
4.326481146923542020e+00
-0.000000000000000000e+00
-0.000000000000000000e+00
1.528319888957520245e+00
-0.000000000000000000e+00
-3.164016235737500349e+00
-7.378091832511108894e-01
6.905323626614833232e-01
1.402031450119610723e+00
-4.191970435296829223e+00
-2.599289766868222440e+00
2.611085554683011956e-01
-0.000000000000000000e+00
-1.103529586592499001e+00
0.000000000000000000e+00
-3.255217571384744907e-02
0.000000000000000000e+00
0.000000000000000000e+00
1.590538127622352915e+00
0.000000000000000000e+00
0.000000000000000000e+00
-0.000000000000000000e+00
-2.564711907121583145e+00
0.000000000000000000e+00
0.000000000000000000e+00
-1.511637703072359062e-01
1.109428774157595443e+00
7.724273255322392728e+00
0.000000000000000000e+00
4.565818093789681953e+00
-1.120680073102135743e-01
3.648118947210867713e+00
-3.636502058639361934e+00
-1.235138454108376527e+00
-2.592661611813288136e+00
1.620212558098246713e+00
1.061220155648694013e-01
0.000000000000000000e+00
8.227304734851620394e-01
0.000000000000000000e+00
1.539834980882330617e+00
-1.681426614279992252e-02
-1.772235417708790228e+00
-3.983851214049011880e+00
-1.730386656343523066e+00
8.046603835580013353e+00
9.935989266418479016e-01
-8.027630622617953904e-02
6.149757965282072192e+00
-0.000000000000000000e+00
3.890350854291596772e+00
-3.260092254110983356e-01
-3.543007333621766008e+00
9.372273941301717537e-02
-4.582555665334515915e-02
-0.000000000000000000e+00
0.000000000000000000e+00
7.400623847797129784e-01
-8.700923105326536788e-01
-1.491957724506528526e+00
-2.207181557729659627e+00
