1.915324848561102078e+00
7.262957554260688120e+00
0.000000000000000000e+00
-1.692125814930859118e+00
-3.541857785693617533e+00
-5.805995590312771348e-01
5.185869573946950695e-01
3.659552287916436053e-01
8.225926983221604205e-01
4.531357087429964459e+00
1.479583428754732699e+00
9.385639311571459809e-01
1.560697086319715376e+00
2.291195219252450954e+00
3.813159441912686853e-01
1.794575511365594511e-01
-1.997460423943901020e+01
1.061451103058159928e+00
-1.928716762181621691e+00
2.939733076241948684e+00
4.267476351455146144e+00
-1.747640260428744152e-01
3.731613893684869510e+00
1.012530457723322463e+01
4.100150056437710799e-01
-1.528799830341775134e+00
-8.860019123225303161e+00
9.936730797591708519e-01
-1.724906518998711391e+00
-1.378582147657643420e+00
3.039875235953230614e+00
5.015405013281990065e+00
-1.426889799085631516e+00
1.976796282510695724e+00
-0.000000000000000000e+00
-1.264704980238437138e+00
1.466986537198573526e-01
4.825702657235878767e+00
4.875518127183428696e+00
-1.146014709414150845e+00
-5.598922044939099507e+00
