1.773882993931143570e+00
6.878095974236921428e+00
0.000000000000000000e+00
-0.000000000000000000e+00
-6.672160416144226058e-01
-0.000000000000000000e+00
0.000000000000000000e+00
0.000000000000000000e+00
0.000000000000000000e+00
3.729061007866579569e+00
0.000000000000000000e+00
4.835103805130849808e-01
2.447769798929252394e-01
0.000000000000000000e+00
0.000000000000000000e+00
0.000000000000000000e+00
-1.604700607941949997e+01
0.000000000000000000e+00
-1.036100398578873483e+00
4.221312460904550479e-01
8.368764316425975069e-01
-0.000000000000000000e+00
3.121290396462411909e+00
9.137249998386655747e+00
0.000000000000000000e+00
-1.933750388376116180e-01
-4.572635847935687003e+00
0.000000000000000000e+00
-1.109125064590243126e-01
-9.657347970249324787e-01
1.957651340873539425e+00
4.082502337227554179e+00
-0.000000000000000000e+00
0.000000000000000000e+00
0.000000000000000000e+00
-4.648038839844834680e-01
0.000000000000000000e+00
3.650896670840643399e+00
3.897024904871670525e+00
-0.000000000000000000e+00
-2.965258150292029438e+00
