-0.000000000000000000e+00
0.000000000000000000e+00
-0.000000000000000000e+00
7.081022788664588674e+00
-0.000000000000000000e+00
0.000000000000000000e+00
-0.000000000000000000e+00
-7.105604835932035623e-01
5.542102475951059759e+00
1.949377909589574243e+00
1.382766227919503432e+00
0.000000000000000000e+00
0.000000000000000000e+00
-6.648345556304997572e-01
1.439600460547814653e-01
0.000000000000000000e+00
1.072959191660758815e+00
-2.652259097351374884e+00
1.545292720439253253e+00
-0.000000000000000000e+00
0.000000000000000000e+00
6.492565494821238126e+00
