-8.840896210950883738e-01
3.490324861710223936e-01
-5.824103019419443195e-01
7.614487994142094429e+00
-1.452758076813067678e-01
9.029525557679878300e-01
-5.396842707750734019e-02
-1.817904808901428915e+00
6.233541796900933463e+00
3.620877245549904977e+00
1.893834227242378709e+00
3.837230042707368560e-01
1.060921309774845722e-01
-2.575269625138070673e+00
6.410095315235981861e-01
2.323698905829734151e+00
1.720073763784442322e+00
-3.672997774997650566e+00
2.028546157626699653e+00
-7.817736741622393071e-01
-0.000000000000000000e+00
7.060084779357634233e+00
