-2.468315627364620741e+04
9.256358273681107676e+03
1.930050644911692871e+03
-8.362897836372892925e+03
-1.386921225319798396e+03
-2.849236007934937152e+04
8.001734446399610533e+03
3.605320515294157667e+04
-3.418189905825709502e+03
-2.055251202745049341e+03
2.708991590962081318e+04
1.922531681865797509e+04
-5.381178226991965494e+04
2.067431487839839974e+04
-2.113690071313899170e+04
1.422987622199540601e+04
-6.676687410303935394e+03
2.039322268795582204e+04
-3.824801440270761304e+03
-2.745118676361622056e+04
-2.833068898574797458e+03
1.825398440223330181e+04
-6.571172323393288934e+03
-1.805212782500051389e+03
-1.047407076037087063e+04
1.798520509718404355e+04
-2.148694824097869787e+04
