-8.547533416748054151e+04
3.205385518146051982e+04
6.683574904483687533e+03
-2.895988986366690369e+04
-4.802771326483634766e+03
-9.866623101206871797e+04
2.770921668780619439e+04
1.248486913137056108e+05
-1.183685429890950400e+04
-7.117132080078037689e+03
9.380970526107435580e+04
6.657537477510473400e+04
-1.863448912560660974e+05
7.159311205275502289e+04
-7.319500114535103785e+04
4.927665699445291830e+04
-2.312070957217322211e+04
7.061971753855337738e+04
-1.324490991374788427e+04
-9.506075057423784165e+04
-9.810637997042693314e+03
6.321174647890298365e+04
-2.275532123960291574e+04
-6.251273707339641078e+03
-3.627067334546694474e+04
6.228099027164631116e+04
-7.440718118767997657e+04
