-4.325356327615218710e+00
1.945545935577980057e+00
-1.788745841010132676e+00
-9.365111361896065745e-01
-1.140174800614766282e+00
-3.670984502210274059e+00
5.146817322550976126e-01
4.124486266237750165e+00
3.285819481012723919e+00
1.039510871761102351e+00
2.918155845637961932e+00
2.221929262284703999e+00
-1.428666511935228023e+01
9.445308404614658482e-01
-2.632656345446852342e+00
-1.389718065018135551e+00
-2.338212649840450297e+00
1.460470793466461359e+00
-1.067147964814654681e+00
-5.031618020704493155e+00
-9.557549236606126541e-01
3.611841436727867283e-01
-2.427380788685498558e+00
-2.865034854562991118e-01
9.725855014180868618e-01
4.437050921248679280e+00
-2.956750686627016567e+00
