-1.282637821096387132e+00
6.832236100487860675e-01
5.451250504174309786e-01
6.353046450801859812e+00
-1.623962508153210305e+00
1.047508905102761734e+00
-2.642207074341766493e+00
-1.214917568502250189e+00
4.934627167842250195e+00
2.291125221977803328e+00
2.706034988753552195e+00
-7.405322601475416988e-01
1.383653539839258650e+00
-2.215001982866648511e+00
1.823298302009462302e-01
1.575515532081926739e+00
2.013066429339309682e+00
-3.729639499963788740e+00
1.858915398275332143e+00
-1.405733556911995974e+00
9.930401379023299224e-01
5.749680784656539423e+00
