-1.994231759769090395e+00
4.916990249543016223e-01
6.059330080961435883e-01
7.970679351973465998e+00
-1.945406703616014532e+00
1.444056257747674543e+00
-2.874068822857275940e+00
-1.267853518972001936e+00
5.274587678773033694e+00
2.963202469990986465e+00
2.447447523078854381e+00
-6.284115923720375863e-01
1.499967687244653458e+00
-2.766163761938241983e+00
-1.565474733454543799e-01
2.313473206722331810e+00
2.244015250907126724e+00
-4.203409297055572758e+00
2.084516866788424405e+00
-1.046265496668786321e+00
1.490686185135571051e+00
6.585754478962754455e+00
