0.000000000000000000e+00
-0.000000000000000000e+00
-4.197497851654544143e-01
-4.287344880856817225e-02
0.000000000000000000e+00
0.000000000000000000e+00
8.395064256281321136e+00
0.000000000000000000e+00
-4.638520361770823719e-01
-4.197336295570783804e+00
5.357741653352737998e+00
4.541956461238917164e+00
-0.000000000000000000e+00
-8.111379214451774899e-02
-2.360199521436526227e-01
8.342029959670313466e-02
-0.000000000000000000e+00
-0.000000000000000000e+00
0.000000000000000000e+00
0.000000000000000000e+00
1.787733584624161265e-01
-4.653015483656001705e-01
2.494578288726134740e+00
4.273095516797169147e+00
-0.000000000000000000e+00
0.000000000000000000e+00
-4.277863082656443994e-01
-5.505574077069587124e-01
