5.423795578206023205e-01
0.000000000000000000e+00
-1.453528207965818941e+00
-1.006967796394025338e+00
0.000000000000000000e+00
-0.000000000000000000e+00
8.411247960660189094e+00
4.268598390613734250e-01
-7.702827966058263254e-01
-4.789494636102375580e+00
5.966093461601438719e+00
5.031770879159862098e+00
0.000000000000000000e+00
-9.726260872009087066e-01
-2.093929202859023952e+00
7.570994729061870654e-01
-3.641750148448576474e-01
-0.000000000000000000e+00
0.000000000000000000e+00
6.203309432831669024e-02
6.431639778792618278e-01
-1.665965028089095190e+00
3.665004262459414353e+00
5.401922435310773096e+00
-1.239740086325287649e+00
9.279065762465378564e-02
-9.794419402601619584e-01
-2.310406440511592940e+00
