8.994916138674477406e+04
6.472196832033649844e+04
-4.009015817353219518e+03
-4.083461830832742999e+04
-5.957528391751366144e+04
6.674577544392031268e+04
2.548120061574023857e+05
1.819022348146445438e+04
-1.017954503839661083e+04
-1.113490946987218049e+05
1.613612986819843063e+05
1.167951117208008800e+05
-6.851780916675584740e+04
-1.010876444540994416e+05
-5.054735503450334363e+03
1.051526134699040995e+05
-3.317955743698916194e+03
2.980716575663506228e+04
-4.258867322481582960e+04
-3.906735835184567259e+04
9.867761549049067253e+04
6.510990977530074451e+04
3.701218293842517596e+04
4.386508881643935456e+04
-1.138332579486303148e+05
1.706300642324046930e+04
-5.321808573170017917e+04
9.462121097803974408e+04
