4.270565401358497911e+04
3.072840195010209573e+04
-1.903382308310275675e+03
-1.938727448224116233e+04
-2.828488252162124627e+04
3.168925589779355869e+04
1.209784861326020182e+05
8.636271627805128446e+03
-4.832998126089640209e+03
-5.286581708620872087e+04
7.661038398197939387e+04
5.545145229515769461e+04
-3.253057401461787595e+04
-4.799393237857615168e+04
-2.399864347955397989e+03
4.992387989213321271e+04
-1.575283947490665923e+03
1.415171068082929560e+04
-2.022005670310374990e+04
-1.854822283250900364e+04
4.684970978110163560e+04
3.091258703084997251e+04
1.757247599074136451e+04
2.082606749623435098e+04
-5.404523682318344072e+04
8.101096636236907216e+03
-2.526664086118094929e+04
4.492382848352010478e+04
