-2.754243683282060928e+00
2.893804896297492490e+00
-1.278283005131564565e+00
-1.419351531027543134e-01
-2.017003507766025550e+00
-3.651724558329654702e+00
1.550930949698974493e+00
2.867117609997759775e+00
2.534570296518337429e+00
5.206084062538739454e-01
2.721953242819900254e+00
1.763001573100402952e+00
-1.930888562505029071e+01
5.283677992591370165e-01
-3.828206358994132419e+00
-7.877966064782514488e-01
-2.783219978233293368e+00
2.372854067353756147e+00
-1.024718455697187558e+00
-6.086351207956573361e+00
-4.336244413183279467e-01
1.025492518539667275e+00
-1.426907522773123160e+00
-2.769340360064687437e-02
1.217733332939643809e+00
6.790601977049779414e+00
-2.122497536172009980e+00
