-2.674915846707941913e+00
2.819026728000880500e+00
-1.182447964324293999e+00
-5.288980837239940641e-02
-1.933442090843307870e+00
-3.572113194999452457e+00
1.424573850064147607e+00
2.824282245983356088e+00
2.310149909064669327e+00
4.049805281503495169e-01
2.658068092955388817e+00
1.648898064407535058e+00
-1.911881270825107393e+01
4.335571547145039561e-01
-3.740840914726520250e+00
-6.231978754031330947e-01
-2.703079983317243418e+00
2.315418220824806195e+00
-9.786407332203956866e-01
-5.889552510510452699e+00
-2.615383311970091995e-01
9.504657084526461075e-01
-1.334496609721689708e+00
-0.000000000000000000e+00
1.043278113050867484e+00
6.716926317301532556e+00
-1.943938409781819976e+00
