-1.575239238876875447e-01
-1.374063423955149688e+00
-2.798997999736201336e+00
-1.645708966857654332e+00
7.725952317840700800e-01
-8.578935632256872168e-01
8.811777774173506828e+00
-2.717647319288758467e-01
6.677132939837093772e-01
-3.104014411633791326e+00
8.841208950636321617e+00
6.373239899854837631e+00
1.349168064098018149e+00
-3.463781120198575536e+00
-2.560023160979696399e-01
1.491246655728360793e+00
-4.430303851194707931e-01
2.247346653919294113e+00
2.179023257322150187e-01
8.374912368234319615e-01
6.233799675670894658e-01
-1.686437357409243276e+00
5.230358565398496751e+00
6.941670212516697802e+00
-3.110642075365811721e+00
1.534226418230048239e+00
7.135134203947899323e-01
-4.185127573294124659e+00
