5.813794295127732159e-01
-7.334853546250585943e-01
-1.515193298011001222e+00
-1.571347695784011123e+00
-6.155781682873989746e-02
3.949784821664552581e-01
6.740658460602225510e+00
-9.006620836289748189e-01
-5.785425276822796503e-01
-2.056263427755364859e+00
5.978579905823205642e+00
5.417135393418338829e+00
1.092567992948067168e+00
-1.763735469355298680e+00
-6.924645622620451135e-01
1.176215139876412241e+00
-6.974337962197521001e-01
2.505911200533479821e+00
-1.076648134845514804e-01
9.598917555958733638e-01
1.105249486808333570e+00
-7.182999992366818631e-01
3.688038772873720283e+00
4.256493102955536401e+00
-2.230768772509431397e+00
9.391164363916215674e-01
-6.450979677866705009e-01
-7.597504940642478832e-01
