-6.454224607730778551e-01
4.791561076800834873e-01
5.396343254779842336e-02
4.136842645952466313e+00
-5.981651238205949461e-01
4.156020425453932354e-01
-1.344197577791194531e+00
-5.147694845685573117e-01
3.719644053092686420e+00
9.230620191618157389e-01
2.708285802985097135e+00
-1.972244612160727328e-01
7.561283155415410295e-01
-1.096382909437607633e+00
6.386722296229792040e-01
8.620122194684663730e-02
1.178067619298907909e+00
-2.475652481620357115e+00
7.648013345484114822e-01
-9.825862115168478850e-01
3.669002728413167658e-01
4.270677495885220942e+00
