-1.893974348217830395e+00
4.197924615932988601e-01
5.961679808648761014e-01
7.721873865255576952e+00
-1.932626545478173696e+00
1.384167317427208221e+00
-2.906458920581824756e+00
-1.362750961188851750e+00
5.256522983674946303e+00
2.921573825534083291e+00
2.596841573730171326e+00
-6.894122454516897758e-01
1.579695804260587977e+00
-2.719447164154914276e+00
-1.356294746707596977e-01
2.316917051473135203e+00
2.111355431176914710e+00
-4.100851018912330836e+00
1.965088658735025362e+00
-1.068532286978818746e+00
1.358016156767025917e+00
6.404686973620747459e+00
