4.972412942450814555e-01
-5.062369247469273859e-01
-1.382000902196678371e+00
-1.620545457356104002e+00
-9.108277698471134443e-02
4.571469976040892780e-01
6.608669145983459892e+00
-7.961242876488958675e-01
-6.463582283477693480e-01
-2.051494483303097471e+00
5.522894929087158289e+00
5.408355877628904906e+00
8.302719920648724550e-01
-1.635172960478749271e+00
-5.380102993835137459e-01
1.079022905634813734e+00
-6.300294060631945747e-01
2.509587499037038150e+00
-1.687395469238319734e-01
1.050921847600506887e+00
1.009036308444892782e+00
-6.802630425711522211e-01
3.429062381430948658e+00
3.907123126970645011e+00
-2.072013148240414715e+00
8.682378547412032965e-01
-8.091041659903552841e-01
-5.915865953317904768e-01
