4.616161816188955602e-01
-9.738354440717149618e-01
-1.473956919987658321e+00
-1.528983527618741567e+00
1.897538634152651227e-02
4.247723645380389046e-01
6.816821673167114959e+00
-1.003738404973702147e+00
-5.180777935100981946e-01
-2.004483711245523381e+00
6.404050984219649578e+00
5.634071205393526682e+00
1.137230577135936338e+00
-1.873916404927909340e+00
-8.191435246693716810e-01
1.101108359058569075e+00
-6.684476421790455092e-01
2.446200331927346205e+00
-1.099553944837153296e-01
8.987389505038628768e-01
1.032412327505116245e+00
-7.787056097523424869e-01
3.690568353430943027e+00
4.419545188006885006e+00
-2.295779621432469941e+00
8.744642221543579286e-01
-5.549576399383302494e-01
-8.414659945386786521e-01
