-0.000000000000000000e+00
0.000000000000000000e+00
0.000000000000000000e+00
-3.448301599956492547e-01
0.000000000000000000e+00
-0.000000000000000000e+00
0.000000000000000000e+00
0.000000000000000000e+00
-1.684431009479793406e+00
0.000000000000000000e+00
-0.000000000000000000e+00
-1.025084984475541638e+00
-0.000000000000000000e+00
-3.786368042455853455e+00
0.000000000000000000e+00
-0.000000000000000000e+00
0.000000000000000000e+00
0.000000000000000000e+00
1.018605603578372820e+00
-0.000000000000000000e+00
-0.000000000000000000e+00
0.000000000000000000e+00
1.460658999283858339e+00
1.082362084110697786e+00
0.000000000000000000e+00
-0.000000000000000000e+00
0.000000000000000000e+00
-8.628704891061219628e-01
3.439825156939892992e-01
0.000000000000000000e+00
-1.545208845049551805e+00
0.000000000000000000e+00
9.698179030864810812e-01
3.890752095935960053e+00
-0.000000000000000000e+00
-0.000000000000000000e+00
-0.000000000000000000e+00
0.000000000000000000e+00
-0.000000000000000000e+00
0.000000000000000000e+00
0.000000000000000000e+00
0.000000000000000000e+00
0.000000000000000000e+00
3.481159451355080758e+00
-0.000000000000000000e+00
-0.000000000000000000e+00
-0.000000000000000000e+00
-0.000000000000000000e+00
0.000000000000000000e+00
0.000000000000000000e+00
-0.000000000000000000e+00
3.557802721016058989e-01
-4.157577336913353072e+00
0.000000000000000000e+00
0.000000000000000000e+00
0.000000000000000000e+00
0.000000000000000000e+00
0.000000000000000000e+00
0.000000000000000000e+00
-3.258531706177903331e+00
-1.643089695285860907e+00
8.488050668607279192e+00
0.000000000000000000e+00
-0.000000000000000000e+00
-3.196944372339672658e+00
0.000000000000000000e+00
0.000000000000000000e+00
9.456861598329640017e-01
-2.229730646069841615e+00
-0.000000000000000000e+00
-0.000000000000000000e+00
0.000000000000000000e+00
-7.428836533325333669e+00
-6.826767517975481425e+00
0.000000000000000000e+00
2.264369054056543540e+00
1.585892216968697754e+00
-0.000000000000000000e+00
4.580322077831481486e+00
0.000000000000000000e+00
-0.000000000000000000e+00
1.275067717329154027e+00
-2.409152333262748691e+00
0.000000000000000000e+00
0.000000000000000000e+00
1.313057579981175227e+00
0.000000000000000000e+00
-6.191546775192860452e-02
0.000000000000000000e+00
0.000000000000000000e+00
-0.000000000000000000e+00
1.723108533834983414e+00
0.000000000000000000e+00
-6.303200757860166759e-02
1.186050957797699423e+00
-2.357090512773738766e-01
-0.000000000000000000e+00
3.565457689651241879e-01
6.575101434522597543e+00
-0.000000000000000000e+00
1.310994645855702911e+00
-0.000000000000000000e+00
2.935260110860231642e-01
0.000000000000000000e+00
0.000000000000000000e+00
1.264829902375000370e-01
-1.482175850639780190e+00
1.452893752184181686e+01
-1.902009147700638181e+01
-7.534059961320217942e-03
0.000000000000000000e+00
0.000000000000000000e+00
0.000000000000000000e+00
-1.819234478474926808e+00
-0.000000000000000000e+00
4.201991372381844864e-02
-5.134666980611805265e+00
0.000000000000000000e+00
-4.513430173030913428e-01
-0.000000000000000000e+00
0.000000000000000000e+00
0.000000000000000000e+00
1.207798214560699412e-01
0.000000000000000000e+00
0.000000000000000000e+00
1.980858909540004431e+00
-0.000000000000000000e+00
3.901892969003819989e+00
7.382271531740434156e+00
0.000000000000000000e+00
0.000000000000000000e+00
0.000000000000000000e+00
-0.000000000000000000e+00
0.000000000000000000e+00
-0.000000000000000000e+00
1.375802122731694555e+00
-0.000000000000000000e+00
0.000000000000000000e+00
-0.000000000000000000e+00
-3.015169274068357774e-01
-1.493761253012430235e+00
0.000000000000000000e+00
-0.000000000000000000e+00
-0.000000000000000000e+00
0.000000000000000000e+00
1.847767184841985877e+00
0.000000000000000000e+00
-0.000000000000000000e+00
-0.000000000000000000e+00
2.001456523712010771e-01
1.266996284598831624e+00
-5.368673996892206368e+00
-0.000000000000000000e+00
-0.000000000000000000e+00
0.000000000000000000e+00
-1.660565683923150626e+00
