-4.253372818242729281e+00
5.851427181334684091e-01
9.327446212351639954e-01
-4.967358228589327518e-01
5.072667370713292989e+00
-0.000000000000000000e+00
1.569486456988445355e-01
0.000000000000000000e+00
-2.555700072753753549e+00
5.711490784854757197e-02
-1.841909942251292787e+00
-2.314192468757192866e+00
-1.235002581637388186e+00
-4.761327623928416131e+00
9.112311383208451243e-01
1.048034689742010847e-02
-1.064823380501208616e-01
0.000000000000000000e+00
2.496272795527806121e+00
-6.608293658569502904e-01
-0.000000000000000000e+00
1.337679821188253015e+00
2.136329898465738175e+00
1.307954148985808196e+00
2.580123105239379711e-01
-9.558978932982828969e-01
7.085557601500408476e-01
-1.519552983022827819e+00
1.454495241614992995e+00
3.226642883550658425e+00
-3.626344546444390193e+00
0.000000000000000000e+00
1.864790481677057521e+00
1.130119554868998044e+01
-0.000000000000000000e+00
0.000000000000000000e+00
-1.397527457289511332e+00
1.488943769684491492e-01
-9.295017235260525368e+00
1.510254771802081564e+00
0.000000000000000000e+00
7.762493853209257999e-01
0.000000000000000000e+00
9.404012897411470062e-01
-8.643909231129524029e-01
-1.113361118467438293e-01
-0.000000000000000000e+00
-0.000000000000000000e+00
0.000000000000000000e+00
9.418758953247399646e+00
-6.720064876145448451e-01
1.139030752318006323e+00
-1.971495498975792771e+01
-0.000000000000000000e+00
7.203470782905838643e-01
7.709228311952928125e-01
3.875919443541415987e-02
0.000000000000000000e+00
-1.523675550496318698e-01
-4.033184360898895982e+00
-2.575227503856993838e+00
9.584166624764529629e+00
0.000000000000000000e+00
-1.044812111990716108e+00
-5.826107487288847864e+00
1.331464936636276075e+00
1.357337784377337098e-01
3.126405614757069795e+00
-4.083762092600810689e+00
0.000000000000000000e+00
-5.996234352597311634e-01
7.738407202950733921e-02
-7.254634392027423218e+00
-7.650538299283205390e+00
-0.000000000000000000e+00
6.301889284577033568e-01
1.525598865044021535e+00
-8.992897595156079671e-01
4.133092578884995483e+00
2.425957221555994803e+00
-0.000000000000000000e+00
1.275971055767705531e+00
-4.011690957537330071e+00
1.372621040582121532e+00
-0.000000000000000000e+00
1.969248219167869074e+00
2.248201478799864095e+00
-2.478383072342968507e+00
2.094397382114658424e+00
-0.000000000000000000e+00
-2.390859273504394866e-01
1.716588625448120853e+00
0.000000000000000000e+00
0.000000000000000000e+00
1.811221301071631817e+00
-9.272294724172105429e-01
-0.000000000000000000e+00
1.388320767665516486e+00
6.549223801314608906e+00
0.000000000000000000e+00
3.931334367492796744e+00
-7.038463859761125152e-02
1.433993314495324078e+00
-7.812926000894269141e-01
-0.000000000000000000e+00
1.554917912592275187e+00
-2.576805642263471974e+00
1.666020180564568776e+01
-2.679742654658328860e+01
-5.689369528315846303e-01
1.182714509723264529e+00
0.000000000000000000e+00
4.111129062496289288e-01
-2.553140563081857550e+00
-2.398469869808520283e+00
1.120433127576709653e+00
-5.503153281771707483e+00
0.000000000000000000e+00
-1.575121560277758848e+00
-0.000000000000000000e+00
0.000000000000000000e+00
-0.000000000000000000e+00
3.152277809102656203e+00
1.735164683327021340e+00
-0.000000000000000000e+00
2.329014383748987171e+00
-0.000000000000000000e+00
1.644229061279936133e+01
1.633975225466997472e+01
0.000000000000000000e+00
1.362595997239736567e+00
6.475241604944712570e-01
0.000000000000000000e+00
0.000000000000000000e+00
-4.274747395489266744e+00
2.011854487487024112e+00
-1.267029885106673581e-01
4.091930380303659270e-02
-5.072166822974698563e-01
-1.550009363777974603e+00
-1.372258444889159712e+00
0.000000000000000000e+00
-7.751542722085442705e-01
-7.946139117758949766e+00
3.426384605773792114e+00
2.408216830283264720e+00
4.798196366626434894e-01
-7.430540747624110320e-01
-1.666943036733138150e+00
2.364665659021351729e+00
3.171444889606918949e+00
-5.057378010219062858e+00
8.242492733355396561e-01
-2.057080129533487289e-01
-0.000000000000000000e+00
-3.104774420421477998e+00
