-0.000000000000000000e+00
-0.000000000000000000e+00
9.349446698749899198e-01
-6.980964072000563903e-01
5.954026807227727147e+00
-3.422883072659072656e+00
-0.000000000000000000e+00
-0.000000000000000000e+00
-0.000000000000000000e+00
0.000000000000000000e+00
-0.000000000000000000e+00
-0.000000000000000000e+00
0.000000000000000000e+00
-0.000000000000000000e+00
-9.174666331420709975e-01
2.637527618393837869e+00
-0.000000000000000000e+00
-0.000000000000000000e+00
0.000000000000000000e+00
1.178488780488683885e+00
1.648960670106731918e-01
0.000000000000000000e+00
0.000000000000000000e+00
0.000000000000000000e+00
0.000000000000000000e+00
1.137854016977684735e+00
-2.310896162892077665e+00
-0.000000000000000000e+00
-1.666041297127724974e+00
-0.000000000000000000e+00
-0.000000000000000000e+00
-4.360756930860331670e-01
0.000000000000000000e+00
0.000000000000000000e+00
0.000000000000000000e+00
6.738009951439331013e-01
0.000000000000000000e+00
-8.309860481156500223e-01
-0.000000000000000000e+00
-2.636179575294536281e+00
-0.000000000000000000e+00
0.000000000000000000e+00
0.000000000000000000e+00
-0.000000000000000000e+00
-4.590754919860912664e-01
6.607072334539934588e-02
-2.077247490183138923e-01
1.202267256339710544e+00
2.591289976886662405e+00
-2.145524508021013244e+00
0.000000000000000000e+00
0.000000000000000000e+00
0.000000000000000000e+00
-0.000000000000000000e+00
0.000000000000000000e+00
-0.000000000000000000e+00
0.000000000000000000e+00
-0.000000000000000000e+00
-0.000000000000000000e+00
0.000000000000000000e+00
-0.000000000000000000e+00
2.243322879331339337e+00
7.605293977238802849e-01
-0.000000000000000000e+00
4.631687944410720625e-01
2.254040464805768362e+00
-0.000000000000000000e+00
0.000000000000000000e+00
-2.384964424461624155e+00
0.000000000000000000e+00
0.000000000000000000e+00
0.000000000000000000e+00
-0.000000000000000000e+00
-1.801522696108094840e-03
-6.264154506394145061e-01
0.000000000000000000e+00
-0.000000000000000000e+00
0.000000000000000000e+00
-7.326747764922096451e+00
-2.599839294382465305e+00
-0.000000000000000000e+00
-2.979787024824340769e+00
4.958707921757692816e+00
-8.897504865688388165e+00
0.000000000000000000e+00
-0.000000000000000000e+00
-0.000000000000000000e+00
9.911508936344541262e-03
0.000000000000000000e+00
4.024053553150690021e+00
0.000000000000000000e+00
-0.000000000000000000e+00
0.000000000000000000e+00
0.000000000000000000e+00
-7.764211815836018493e-01
1.296100163813894146e-01
-0.000000000000000000e+00
0.000000000000000000e+00
-1.649130664760035669e+00
-1.784944300424811559e+00
-0.000000000000000000e+00
-2.743931988630308062e-03
0.000000000000000000e+00
8.964786879160105970e-01
-0.000000000000000000e+00
-0.000000000000000000e+00
-2.499967008035076432e+00
0.000000000000000000e+00
0.000000000000000000e+00
0.000000000000000000e+00
-3.549617697523515414e+00
0.000000000000000000e+00
-0.000000000000000000e+00
5.888157615154635677e-02
0.000000000000000000e+00
-0.000000000000000000e+00
-0.000000000000000000e+00
-0.000000000000000000e+00
-6.514113818973664705e-01
-6.322674291471376273e-01
-9.927556123922384734e-02
4.129405492954998369e-01
0.000000000000000000e+00
-2.871525661112312111e+00
3.327802629105998555e+00
0.000000000000000000e+00
0.000000000000000000e+00
0.000000000000000000e+00
-0.000000000000000000e+00
0.000000000000000000e+00
0.000000000000000000e+00
-1.276941880367686855e+00
9.977607859142358926e-01
-0.000000000000000000e+00
0.000000000000000000e+00
0.000000000000000000e+00
1.250987020138858341e+01
-0.000000000000000000e+00
-0.000000000000000000e+00
3.930958962165794629e-02
-0.000000000000000000e+00
0.000000000000000000e+00
9.339773851933461657e-01
-0.000000000000000000e+00
5.978026793345675438e-01
-1.327909094508617605e+00
-0.000000000000000000e+00
-1.113281872506206166e-01
3.651588324232892369e+00
-3.246188293990103446e+00
-0.000000000000000000e+00
-0.000000000000000000e+00
-0.000000000000000000e+00
-0.000000000000000000e+00
-2.976018502322885784e-01
-3.384255637942871764e-01
1.793427342254234058e-01
-3.543938354498589405e+00
-0.000000000000000000e+00
-0.000000000000000000e+00
1.345579015568889626e-02
-0.000000000000000000e+00
1.555836641688718380e+00
-1.638961613360949698e+00
0.000000000000000000e+00
0.000000000000000000e+00
-1.267868548048692867e+00
-0.000000000000000000e+00
-0.000000000000000000e+00
-0.000000000000000000e+00
-0.000000000000000000e+00
0.000000000000000000e+00
-1.446040465542918207e+00
