-1.997529681911119405e+04
3.267738400373789773e+04
-3.947798615183441871e+04
1.586316997582990152e+05
5.873961547054843686e+04
-5.338214711678265303e+04
-1.205350335876589525e+05
2.701944548076476713e+04
2.146259625538954569e+05
1.121726543471228215e+05
1.832652256572830374e+05
-7.815572197325176603e+03
-6.497881221885199921e+03
-4.972539891103896662e+04
-2.231408323009349260e+04
-7.615496374273404945e+04
3.598528466995384952e+04
-1.005381939990527899e+05
-4.292731038013594116e+03
-8.559041504880486173e+03
4.084352837711440952e+04
2.498982092686426477e+05
