-2.227035534064571402e+04
3.643184679337126727e+04
-4.401380303361943515e+04
1.768576634379710886e+05
6.548849416096992354e+04
-5.951548034069595451e+04
-1.343838869230517594e+05
3.012384033203116996e+04
2.392853780690936255e+05
1.250607134620295401e+05
2.043214543408684840e+05
-8.713541110356685749e+03
-7.244454241813419685e+03
-5.543859063684592547e+04
-2.487785624088855184e+04
-8.490477607732210890e+04
4.011980817563748860e+04
-1.120895136598681565e+05
-4.785943681543525599e+03
-9.542431204659547802e+03
4.553623901367191138e+04
2.786102239081201260e+05
