-0.000000000000000000e+00
-3.679987408349884248e+00
5.233529819436341102e-01
-0.000000000000000000e+00
1.084167565368139741e+00
0.000000000000000000e+00
-0.000000000000000000e+00
0.000000000000000000e+00
2.180220822081827325e+00
-6.229988401360115891e-01
-1.931525425929231154e+00
-0.000000000000000000e+00
-2.365117778525590797e+00
5.556144765521839446e+00
-1.098110139755263504e+01
9.023934156560979858e+00
-3.034311660726519144e-01
0.000000000000000000e+00
2.122666198813650151e+00
-4.673940081596697493e-01
-8.796825945018862392e-01
-0.000000000000000000e+00
1.650487068129703749e-01
-9.233560822840574112e-01
1.271403142226583016e+00
7.450250023325633464e+00
-1.107670860061954032e+00
-1.488197059072415396e+00
5.667022276926553914e+00
0.000000000000000000e+00
-1.083036515261608157e+00
0.000000000000000000e+00
2.930141728585080596e+00
-0.000000000000000000e+00
-0.000000000000000000e+00
-1.634406337535744935e+00
-0.000000000000000000e+00
2.321505832445963868e+00
1.891105550046958905e+00
-1.429420839394189915e-02
-8.930668057658862624e-01
-0.000000000000000000e+00
-1.965919642907258735e+00
-0.000000000000000000e+00
-0.000000000000000000e+00
-0.000000000000000000e+00
4.164644412816481456e+00
0.000000000000000000e+00
0.000000000000000000e+00
-0.000000000000000000e+00
0.000000000000000000e+00
-2.228868718711373820e+00
0.000000000000000000e+00
0.000000000000000000e+00
-2.511993221310769853e-01
0.000000000000000000e+00
-0.000000000000000000e+00
0.000000000000000000e+00
-0.000000000000000000e+00
0.000000000000000000e+00
1.765855036923909216e+00
