-1.006372873922803057e+00
-5.650258659402246586e+00
3.875120484459232406e-01
-2.634191096793169762e-01
4.329017959449989128e+00
0.000000000000000000e+00
-6.468261578442062731e-01
5.685059413028996644e-01
3.987818464273142016e+00
-1.560621434256910245e+00
-2.390912801358580975e+00
-2.983088948905304738e-01
-2.974589278366054135e+00
6.193320624429013321e+00
-1.270254151437987566e+01
9.120989698994254269e+00
-2.916698525330863045e+00
1.413419930523249768e-01
2.938402066669030699e+00
-1.718781553666181017e+00
-2.150601289324134857e+00
-9.458359419588014960e-01
9.949719200321648360e-01
-1.090116320498092151e+00
3.418247394006070028e+00
8.486049173239793575e+00
-1.174399590086869560e+00
-3.632603872942507195e+00
6.140594499933714090e+00
-0.000000000000000000e+00
-1.782548550545838717e+00
6.278160508266681372e-01
4.149101672278135311e+00
-1.880386652937349856e+00
-1.037709056495716986e+00
-2.819119349953359777e+00
-8.913440524352968242e-02
2.898490418083062625e+00
2.637687497328005115e+00
-1.288772094615086683e+00
-3.019777872810307517e+00
-4.340641662473478379e-01
-2.742379014425283756e+00
-0.000000000000000000e+00
-1.425583286335937228e+00
-0.000000000000000000e+00
6.281279192016477886e+00
0.000000000000000000e+00
1.219887364080239456e+00
-9.495198793810438742e-02
1.628605428189104254e+00
-2.419509757955327522e+00
6.228934134168266114e-03
-1.487617762044672887e-01
-6.381312340745458611e-01
1.230766710930242036e+00
9.511159486219009640e-01
5.814054963258338260e-01
0.000000000000000000e+00
7.398506395496817767e-02
2.748019082830919224e+00
