-4.172841214788446607e+00
1.925960542632060291e+00
-1.999154779920372826e+00
-8.741188367007253213e-01
-1.100582002759078026e+00
-3.313235372820419578e+00
5.521380606911172606e-01
4.099256292890514963e+00
3.162709692952908824e+00
8.360618114877369500e-01
2.891268421052322068e+00
2.131879683776188639e+00
-1.412582575313897770e+01
1.325450859198610276e+00
-2.483886572516827762e+00
-1.244674413328882290e+00
-2.340666095287154302e+00
1.668936787027767155e+00
-1.130342534692639900e+00
-4.717366584098011018e+00
-1.035085839765008897e+00
3.634111178533998565e-01
-2.250052437497273239e+00
-3.185746383055458875e-01
9.786087716863669517e-01
4.331594135304669635e+00
-3.042597705142417119e+00
