-2.639208213079326626e+00
6.020306328339213309e-01
-4.417591192315220017e-01
-9.193534977051632806e-01
-4.273105135081618489e-01
-1.602742245119811226e+00
2.111299781431965061e-01
1.984402326360484858e+00
5.472859640007017301e-01
5.461719475195339069e-01
2.144000384965510264e+00
1.264371671043138079e+00
-6.149044595723286655e+00
1.203195026044266980e+00
-1.103178224204627300e+00
7.318727876813840849e-02
-9.081035123634179085e-01
1.097231284489405434e+00
-6.139054909236870694e-01
-2.134726764609865768e+00
-2.024157766100625755e-01
3.066024921379790769e-01
-1.250093913562202452e+00
8.733112771923974560e-02
1.084051661711442904e-01
1.715900950414128490e+00
-1.474183376560411096e+00
